           Temp.Max Temp.Mean Temp.Min
2016-07-01       74        69       60
2016-07-02       78        66       56
2016-07-03       79        68       59
2016-07-04       80        76       69
2016-07-05       90        79       68
2016-07-06       89        79       70
2016-07-07       87        78       72
2016-07-08       89        80       72
2016-07-09       81        73       67
2016-07-10       83        72       64
2016-07-11       93        81       69
2016-07-12       89        82       77
2016-07-13       86        78       68
2016-07-14       89        80       68
2016-07-15       75        72       60
2016-07-16       79        69       60